1 19650101 3.0
2 19650101 3.0
3 19650101 3.3
4 19650102 2.2
5 19650102 2.6
6 19650102 1.4
7 19650103 -1.5
8 19650103 -2.0
9 19650103 -3.2
10 19650104 -4.8
11 19650104 -0.2
12 19650104 0.8
13 19650105 3.2
14 19650105 3.5
15 19650105 0.2
16 19650106 -1.0
17 19650106 -1.6
18 19650106 -3.8
19 19650107 -3.8
20 19650107 0.2
21 19650107 1.5
22 19650108 3.4
23 19650108 4.8
24 19650108 3.8
25 19650109 3.0
26 19650109 2.2
27 19650109 -0.4
28 19650110 -2.6
29 19650110 -3.2
30 19650110 -4.0
31 19650111 -1.8
32 19650111 1.0
33 19650111 2.4
34 19650112 3.2
35 19650112 3.8
36 19650112 2.2
37 19650113 4.2
38 19650113 4.8
39 19650113 4.2
40 19650114 3.4
41 19650114 2.8
42 19650114 4.3
43 19650115 2.8
44 19650115 3.3
45 19650115 3.9
46 19650116 3.2
47 19650116 3.3
48 19650116 2.6
49 19650117 4.7
50 19650117 5.1
51 19650117 3.1
52 19650118 3.8
53 19650118 3.5
54 19650118 2.8
55 19650119 2.8
56 19650119 2.8
57 19650119 2.2
58 19650120 2.4
59 19650120 2.0
60 19650120 0.8
61 19650121 0.8
62 19650121 1.0
63 19650121 0.5
64 19650122 -1.2
65 19650122 -0.4
66 19650122 -2.3
67 19650123 0.2
68 19650123 0.9
69 19650123 1.2
70 19650124 0.5
71 19650124 1.8
72 19650124 1.4
73 19650125 1.8
74 19650125 1.7
75 19650125 0.4
76 19650126 -0.8
77 19650126 -0.5
78 19650126 -1.9
79 19650127 -2.0
80 19650127 1.1
81 19650127 0.4
82 19650128 -1.8
83 19650128 -0.4
84 19650128 -1.7
85 19650129 -0.4
86 19650129 0.0
87 19650129 -2.6
88 19650130 -5.2
89 19650130 0.7
90 19650130 -3.0
91 19650131 0.4
92 19650131 0.8
93 19650131 -1.5
94 19650201 -2.8
95 19650201 1.2
96 19650201 -2.6
97 19650202 -2.8
98 19650202 2.2
99 19650202 -1.4
100 19650203 -1.2
101 19650203 1.2
102 19650203 -0.9
103 19650204 -1.4
104 19650204 1.0
105 19650204 -0.2
106 19650205 0.4
107 19650205 0.7
108 19650205 2.0
109 19650206 -1.2
110 19650206 1.6
111 19650206 1.2
112 19650207 0.8
113 19650207 3.2
114 19650207 2.8
115 19650208 -2.2
116 19650208 0.4
117 19650208 -3.2
118 19650209 -7.2
119 19650209 -1.0
120 19650209 -1.4
121 19650210 2.8
122 19650210 4.9
123 19650210 0.4
124 19650211 -1.2
125 19650211 1.8
126 19650211 1.9
127 19650212 2.4
128 19650212 3.0
129 19650212 2.8
130 19650213 3.8
131 19650213 3.1
132 19650213 1.9
133 19650214 -0.2
134 19650214 0.2
135 19650214 0.6
136 19650215 -2.4
137 19650215 -1.5
138 19650215 -3.9
139 19650216 -4.2
140 19650216 -1.9
141 19650216 -3.0
142 19650217 -4.8
143 19650217 -0.6
144 19650217 -2.2
145 19650218 -5.8
146 19650218 0.4
147 19650218 -0.6
148 19650219 -1.8
149 19650219 -2.6
150 19650219 -2.4
151 19650220 -2.4
152 19650220 -1.5
153 19650220 -1.7
154 19650221 -3.0
155 19650221 -2.3
156 19650221 -1.3
157 19650222 -2.8
158 19650222 0.1
159 19650222 -1.9
160 19650223 -1.4
161 19650223 -1.0
162 19650223 -3.2
163 19650224 -9.8
164 19650224 -1.4
165 19650224 -0.4
166 19650225 -7.2
167 19650225 -0.8
168 19650225 -3.2
169 19650226 -7.2
170 19650226 -1.2
171 19650226 -3.0
172 19650227 -6.2
173 19650227 -5.0
174 19650227 -7.5
175 19650228 -16.0
176 19650228 -7.0
177 19650228 -8.0
178 19650301 -10.2
179 19650301 -3.7
180 19650301 -6.5
181 19650302 -11.8
182 19650302 -3.1
183 19650302 -5.6
184 19650303 -10.8
185 19650303 -3.5
186 19650303 -3.0
187 19650304 -5.4
188 19650304 -2.8
189 19650304 -3.4
190 19650305 -3.4
191 19650305 -0.6
192 19650305 -1.1
193 19650306 -4.4
194 19650306 -1.9
195 19650306 -3.0
196 19650307 -4.0
197 19650307 -1.6
198 19650307 -2.7
199 19650308 -4.2
200 19650308 1.4
201 19650308 -0.4
202 19650309 -1.0
203 19650309 1.0
204 19650309 -1.2
205 19650310 -3.4
206 19650310 0.5
207 19650310 1.6
208 19650311 -0.2
209 19650311 4.8
210 19650311 1.2
211 19650312 -2.8
212 19650312 6.1
213 19650312 2.1
214 19650313 -1.8
215 19650313 7.8
216 19650313 2.4
217 19650314 -1.8
218 19650314 6.6
219 19650314 0.6
220 19650315 2.8
221 19650315 4.9
222 19650315 3.7
223 19650316 4.0
224 19650316 4.9
225 19650316 5.3
226 19650317 2.8
227 19650317 4.4
228 19650317 3.8
229 19650318 2.0
230 19650318 9.5
231 19650318 4.9
232 19650319 3.4
233 19650319 4.8
234 19650319 3.1
235 19650320 0.2
236 19650320 5.1
237 19650320 2.8
238 19650321 -0.9
239 19650321 4.6
240 19650321 0.4
241 19650322 -1.6
242 19650322 5.4
243 19650322 2.6
244 19650323 -0.4
245 19650323 5.0
246 19650323 3.1
247 19650324 1.8
248 19650324 4.9
249 19650324 4.6
250 19650325 0.8
251 19650325 1.9
252 19650325 2.2
253 19650326 1.0
254 19650326 4.0
255 19650326 2.1
256 19650327 1.0
257 19650327 3.9
258 19650327 2.7
259 19650328 4.0
260 19650328 5.8
261 19650328 6.9
262 19650329 5.0
263 19650329 13.0
264 19650329 11.1
265 19650330 4.0
266 19650330 11.7
267 19650330 5.8
268 19650331 1.8
269 19650331 11.0
270 19650331 6.0
271 19650401 0.2
272 19650401 11.2
273 19650401 7.5
274 19650402 1.0
275 19650402 4.6
276 19650402 2.0
277 19650403 2.8
278 19650403 7.6
279 19650403 8.1
280 19650404 2.9
281 19650404 8.9
282 19650404 6.9
283 19650405 0.8
284 19650405 12.5
285 19650405 8.0
286 19650406 3.8
287 19650406 12.2
288 19650406 9.1
289 19650407 4.2
290 19650407 4.7
291 19650407 2.8
292 19650408 -0.2
293 19650408 3.6
294 19650408 0.2
295 19650409 0.2
296 19650409 1.5
297 19650409 0.9
298 19650410 2.4
299 19650410 4.7
300 19650410 4.1
301 19650411 4.1
302 19650411 4.4
303 19650411 5.1
304 19650412 1.8
305 19650412 9.0
306 19650412 6.6
307 19650413 4.2
308 19650413 5.9
309 19650413 5.6
310 19650414 2.8
311 19650414 9.1
312 19650414 6.0
313 19650415 2.2
314 19650415 13.0
315 19650415 6.6
316 19650416 4.5
317 19650416 5.8
318 19650416 6.2
319 19650417 4.2
320 19650417 8.2
321 19650417 4.5
322 19650418 5.2
323 19650418 6.4
324 19650418 5.2
325 19650419 3.2
326 19650419 8.0
327 19650419 7.2
328 19650420 4.8
329 19650420 11.0
330 19650420 9.2
331 19650421 6.8
332 19650421 11.8
333 19650421 9.2
334 19650422 6.4
335 19650422 10.4
336 19650422 10.6
337 19650423 5.2
338 19650423 10.4
339 19650423 8.8
340 19650424 5.4
341 19650424 7.8
342 19650424 7.0
343 19650425 5.0
344 19650425 7.8
345 19650425 7.0
346 19650426 5.8
347 19650426 10.3
348 19650426 6.5
349 19650427 3.8
350 19650427 7.2
351 19650427 6.0
352 19650428 6.8
353 19650428 11.6
354 19650428 12.6
355 19650429 6.2
356 19650429 14.6
357 19650429 12.0
358 19650430 5.2
359 19650430 16.1
360 19650430 12.9
361 19650501 6.0
362 19650501 16.0
363 19650501 10.1
364 19650502 4.7
365 19650502 12.1
366 19650502 6.8
367 19650503 1.2
368 19650503 9.1
369 19650503 5.7
370 19650504 4.8
371 19650504 8.4
372 19650504 6.2
373 19650505 6.2
374 19650505 6.8
375 19650505 5.1
376 19650506 6.2
377 19650506 8.6
378 19650506 6.6
379 19650507 6.2
380 19650507 10.6
381 19650507 9.7
382 19650508 6.0
383 19650508 13.4
384 19650508 9.7
385 19650509 9.1
386 19650509 9.3
387 19650509 8.1
388 19650510 7.4
389 19650510 9.6
390 19650510 8.5
391 19650511 8.2
392 19650511 13.8
393 19650511 12.9
394 19650512 7.2
395 19650512 15.8
396 19650512 12.3
397 19650513 7.8
398 19650513 15.8
399 19650513 12.6
400 19650514 10.4
401 19650514 14.2
402 19650514 13.1
403 19650515 5.6
404 19650515 7.3
405 19650515 5.5
406 19650516 3.7
407 19650516 7.4
408 19650516 6.5
409 19650517 6.2
410 19650517 13.5
411 19650517 11.6
412 19650518 8.2
413 19650518 11.5
414 19650518 9.2
415 19650519 5.2
416 19650519 9.6
417 19650519 8.9
418 19650520 4.8
419 19650520 9.9
420 19650520 11.2
421 19650521 6.8
422 19650521 12.8
423 19650521 11.0
424 19650522 6.3
425 19650522 15.4
426 19650522 11.5
427 19650523 6.2
428 19650523 10.3
429 19650523 8.7
430 19650524 8.2
431 19650524 15.2
432 19650524 10.4
433 19650525 7.8
434 19650525 17.2
435 19650525 14.0
436 19650526 7.8
437 19650526 17.9
438 19650526 15.2
439 19650527 9.9
440 19650527 17.1
441 19650527 14.2
442 19650528 8.2
443 19650528 18.1
444 19650528 16.6
445 19650529 10.4
446 19650529 16.8
447 19650529 9.0
448 19650530 6.8
449 19650530 14.2
450 19650530 9.8
451 19650531 7.2
452 19650531 13.4
453 19650531 11.6
454 19650601 5.8
455 19650601 16.4
456 19650601 16.4
457 19650602 9.8
458 19650602 17.8
459 19650602 13.9
460 19650603 11.8
461 19650603 17.8
462 19650603 16.8
463 19650604 9.8
464 19650604 18.8
465 19650604 16.8
466 19650605 14.0
467 19650605 18.0
468 19650605 17.2
469 19650606 13.2
470 19650606 20.2
471 19650606 19.1
472 19650607 12.2
473 19650607 20.2
474 19650607 16.4
475 19650608 10.8
476 19650608 21.5
477 19650608 18.4
478 19650609 12.4
479 19650609 17.7
480 19650609 18.7
481 19650610 15.0
482 19650610 20.8
483 19650610 20.4
484 19650611 16.5
485 19650611 22.2
486 19650611 18.7
487 19650612 13.8
488 19650612 17.4
489 19650612 16.6
490 19650613 13.2
491 19650613 17.3
492 19650613 16.0
493 19650614 12.8
494 19650614 21.8
495 19650614 19.2
496 19650615 12.3
497 19650615 21.2
498 19650615 19.0
499 19650616 17.2
500 19650616 19.0
501 19650616 20.3
502 19650617 16.8
503 19650617 19.8
504 19650617 17.2
505 19650618 12.8
506 19650618 14.4
507 19650618 13.5
508 19650619 13.8
509 19650619 15.8
510 19650619 14.1
511 19650620 12.4
512 19650620 18.6
513 19650620 19.4
514 19650621 13.8
515 19650621 20.0
516 19650621 18.3
517 19650622 14.9
518 19650622 16.4
519 19650622 19.2
520 19650623 15.6
521 19650623 20.4
522 19650623 18.6
523 19650624 14.4
524 19650624 20.6
525 19650624 17.2
526 19650625 14.2
527 19650625 20.4
528 19650625 18.1
529 19650626 16.8
530 19650626 20.2
531 19650626 19.0
532 19650627 14.8
533 19650627 14.7
534 19650627 15.1
535 19650628 12.0
536 19650628 17.5
537 19650628 13.7
538 19650629 13.0
539 19650629 17.1
540 19650629 16.8
541 19650630 12.5
542 19650630 18.4
543 19650630 15.8
544 19650701 11.7
545 19650701 16.6
546 19650701 16.4
547 19650702 11.2
548 19650702 15.2
549 19650702 15.4
550 19650703 10.5
551 19650703 12.6
552 19650703 14.6
553 19650704 11.5
554 19650704 17.0
555 19650704 15.2
556 19650705 11.2
557 19650705 14.2
558 19650705 12.4
559 19650706 10.7
560 19650706 13.5
561 19650706 14.1
562 19650707 11.2
563 19650707 13.4
564 19650707 13.0
565 19650708 10.5
566 19650708 13.0
567 19650708 10.7
568 19650709 9.6
569 19650709 12.0
570 19650709 12.3
571 19650710 10.0
572 19650710 11.8
573 19650710 14.0
574 19650711 10.7
575 19650711 13.2
576 19650711 12.4
577 19650712 13.4
578 19650712 16.8
579 19650712 15.0
580 19650713 11.8
581 19650713 14.0
582 19650713 14.4
583 19650714 13.9
584 19650714 17.8
585 19650714 17.8
586 19650715 15.3
587 19650715 21.4
588 19650715 20.4
589 19650716 15.8
590 19650716 17.3
591 19650716 17.4
592 19650717 11.3
593 19650717 19.8
594 19650717 19.2
595 19650718 11.0
596 19650718 19.0
597 19650718 19.4
598 19650719 12.2
599 19650719 20.8
600 19650719 19.9
601 19650720 14.3
602 19650720 24.6
603 19650720 21.9
604 19650721 15.3
605 19650721 22.3
606 19650721 19.8
607 19650722 15.2
608 19650722 17.0
609 19650722 19.2
610 19650723 14.5
611 19650723 17.3
612 19650723 15.0
613 19650724 14.3
614 19650724 21.1
615 19650724 15.9
616 19650725 14.1
617 19650725 18.2
618 19650725 15.7
619 19650726 13.5
620 19650726 15.2
621 19650726 14.4
622 19650727 12.2
623 19650727 15.3
624 19650727 14.4
625 19650728 12.4
626 19650728 17.4
627 19650728 13.1
628 19650729 14.6
629 19650729 14.8
630 19650729 14.2
631 19650730 13.6
632 19650730 14.4
633 19650730 14.3
634 19650731 11.8
635 19650731 15.2
636 19650731 14.8
637 19650801 12.4
638 19650801 17.6
639 19650801 15.1
640 19650802 12.9
641 19650802 17.7
642 19650802 12.8
643 19650803 10.0
644 19650803 19.4
645 19650803 17.7
646 19650804 12.4
647 19650804 15.2
648 19650804 14.7
649 19650805 12.8
650 19650805 14.6
651 19650805 18.2
652 19650806 16.8
653 19650806 19.1
654 19650806 18.1
655 19650807 12.6
656 19650807 16.9
657 19650807 17.3
658 19650808 11.4
659 19650808 15.7
660 19650808 14.6
661 19650809 12.6
662 19650809 17.3
663 19650809 15.5
664 19650810 12.5
665 19650810 17.0
666 19650810 15.9
667 19650811 11.7
668 19650811 17.0
669 19650811 16.9
670 19650812 10.8
671 19650812 19.2
672 19650812 17.0
673 19650813 11.4
674 19650813 21.2
675 19650813 19.3
676 19650814 11.4
677 19650814 19.4
678 19650814 17.5
679 19650815 12.2
680 19650815 16.8
681 19650815 15.0
682 19650816 12.3
683 19650816 18.0
684 19650816 17.0
685 19650817 12.6
686 19650817 20.4
687 19650817 18.0
688 19650818 13.0
689 19650818 23.0
690 19650818 19.1
691 19650819 15.0
692 19650819 23.0
693 19650819 19.7
694 19650820 16.2
695 19650820 21.2
696 19650820 19.4
697 19650821 15.4
698 19650821 19.2
699 19650821 16.4
700 19650822 15.2
701 19650822 21.3
702 19650822 19.8
703 19650823 18.0
704 19650823 18.4
705 19650823 16.6
706 19650824 15.4
707 19650824 20.8
708 19650824 17.6
709 19650825 13.5
710 19650825 21.5
711 19650825 16.7
712 19650826 12.7
713 19650826 17.6
714 19650826 14.6
715 19650827 10.0
716 19650827 17.9
717 19650827 14.6
718 19650828 9.8
719 19650828 17.8
720 19650828 15.0
721 19650829 11.9
722 19650829 15.2
723 19650829 13.0
724 19650830 11.9
725 19650830 16.6
726 19650830 13.4
727 19650831 10.2
728 19650831 16.6
729 19650831 13.4
730 19650901 13.2
731 19650901 14.7
732 19650901 13.8
733 19650902 12.8
734 19650902 16.4
735 19650902 14.6
736 19650903 14.2
737 19650903 17.4
738 19650903 16.0
739 19650904 12.8
740 19650904 19.6
741 19650904 16.4
742 19650905 13.8
743 19650905 15.4
744 19650905 15.6
745 19650906 11.4
746 19650906 18.6
747 19650906 16.0
748 19650907 12.4
749 19650907 12.0
750 19650907 12.4
751 19650908 12.4
752 19650908 16.4
753 19650908 14.6
754 19650909 13.8
755 19650909 15.7
756 19650909 13.2
757 19650910 12.8
758 19650910 11.5
759 19650910 12.9
760 19650911 10.5
761 19650911 16.0
762 19650911 13.0
763 19650912 9.8
764 19650912 15.2
765 19650912 12.3
766 19650913 10.2
767 19650913 16.6
768 19650913 12.0
769 19650914 10.2
770 19650914 16.0
771 19650914 12.8
772 19650915 9.4
773 19650915 15.9
774 19650915 13.4
775 19650916 11.8
776 19650916 19.0
777 19650916 14.8
778 19650917 14.2
779 19650917 15.6
780 19650917 14.6
781 19650918 16.2
782 19650918 19.8
783 19650918 15.2
784 19650919 11.8
785 19650919 11.4
786 19650919 13.0
787 19650920 9.2
788 19650920 14.6
789 19650920 12.4
790 19650921 12.2
791 19650921 15.7
792 19650921 14.4
793 19650922 12.0
794 19650922 18.3
795 19650922 15.2
796 19650923 10.2
797 19650923 18.8
798 19650923 13.8
799 19650924 11.2
800 19650924 19.2
801 19650924 14.6
802 19650925 11.2
803 19650925 16.6
804 19650925 12.6
805 19650926 12.8
806 19650926 19.8
807 19650926 15.0
808 19650927 13.8
809 19650927 15.5
810 19650927 13.8
811 19650928 11.2
812 19650928 16.2
813 19650928 13.4
814 19650929 12.2
815 19650929 15.1
816 19650929 12.6
817 19650930 9.8
818 19650930 17.8
819 19650930 12.4
820 19651001 10.0
821 19651001 16.0
822 19651001 11.6
823 19651002 11.1
824 19651002 15.2
825 19651002 12.4
826 19651003 12.4
827 19651003 13.4
828 19651003 13.2
829 19651004 11.2
830 19651004 12.3
831 19651004 10.3
832 19651005 6.2
833 19651005 11.1
834 19651005 10.0
835 19651006 10.0
836 19651006 14.1
837 19651006 10.0
838 19651007 9.2
839 19651007 11.0
840 19651007 9.8
841 19651008 8.2
842 19651008 13.0
843 19651008 8.2
844 19651009 2.8
845 19651009 10.6
846 19651009 6.2
847 19651010 7.2
848 19651010 14.0
849 19651010 9.9
850 19651011 3.2
851 19651011 11.2
852 19651011 8.8
853 19651012 3.2
854 19651012 12.2
855 19651012 9.2
856 19651013 9.8
857 19651013 11.2
858 19651013 11.0
859 19651014 10.2
860 19651014 11.3
861 19651014 10.9
862 19651015 7.2
863 19651015 14.1
864 19651015 11.8
865 19651016 8.7
866 19651016 12.9
867 19651016 9.2
868 19651017 6.6
869 19651017 10.9
870 19651017 10.6
871 19651018 10.8
872 19651018 13.1
873 19651018 7.6
874 19651019 5.8
875 19651019 12.2
876 19651019 9.4
877 19651020 6.2
878 19651020 13.6
879 19651020 8.8
880 19651021 5.8
881 19651021 11.0
882 19651021 6.4
883 19651022 2.8
884 19651022 11.8
885 19651022 7.2
886 19651023 4.6
887 19651023 10.3
888 19651023 7.8
889 19651024 4.4
890 19651024 11.8
891 19651024 6.4
892 19651025 1.2
893 19651025 13.1
894 19651025 5.6
895 19651026 7.8
896 19651026 8.8
897 19651026 6.4
898 19651027 5.8
899 19651027 10.0
900 19651027 11.0
901 19651028 12.0
902 19651028 13.3
903 19651028 13.2
904 19651029 10.8
905 19651029 12.0
906 19651029 8.4
907 19651030 7.7
908 19651030 11.1
909 19651030 10.0
910 19651031 8.8
911 19651031 9.8
912 19651031 7.2
913 19651101 7.8
914 19651101 11.4
915 19651101 10.4
916 19651102 8.8
917 19651102 9.6
918 19651102 7.8
919 19651103 7.0
920 19651103 8.2
921 19651103 7.2
922 19651104 5.4
923 19651104 8.2
924 19651104 4.7
925 19651105 2.2
926 19651105 9.4
927 19651105 7.9
928 19651106 8.8
929 19651106 10.0
930 19651106 6.4
931 19651107 5.8
932 19651107 6.9
933 19651107 5.6
934 19651108 5.8
935 19651108 9.3
936 19651108 7.4
937 19651109 7.2
938 19651109 8.0
939 19651109 7.9
940 19651110 7.8
941 19651110 8.5
942 19651110 5.8
943 19651111 1.8
944 19651111 3.6
945 19651111 0.2
946 19651112 -0.4
947 19651112 0.6
948 19651112 -1.4
949 19651113 -3.0
950 19651113 -0.8
951 19651113 -3.6
952 19651114 -4.6
953 19651114 -1.3
954 19651114 -3.5
955 19651115 -4.8
956 19651115 -1.2
957 19651115 -3.8
958 19651116 -6.2
959 19651116 -0.4
960 19651116 -3.4
961 19651117 -5.4
962 19651117 -0.6
963 19651117 -3.4
964 19651118 -1.8
965 19651118 -0.6
966 19651118 -2.3
967 19651119 -0.8
968 19651119 0.1
969 19651119 -0.8
970 19651120 -0.6
971 19651120 0.2
972 19651120 -2.6
973 19651121 -3.7
974 19651121 -3.7
975 19651121 -5.2
976 19651122 -7.2
977 19651122 -4.4
978 19651122 -7.2
979 19651123 -9.2
980 19651123 -2.6
981 19651123 -2.0
982 19651124 -1.8
983 19651124 -1.1
984 19651124 -0.5
985 19651125 0.8
986 19651125 0.6
987 19651125 -0.8
988 19651126 1.8
989 19651126 3.4
990 19651126 1.8
991 19651127 1.4
992 19651127 1.6
993 19651127 1.0
994 19651128 1.0
995 19651128 0.4
996 19651128 0.8
997 19651129 0.2
998 19651129 1.6
999 19651129 1.7
1000 19651130 1.8
1001 19651130 2.1
1002 19651130 2.8
1003 19651201 1.2
1004 19651201 1.8
1005 19651201 -0.4
1006 19651202 0.2
1007 19651202 1.3
1008 19651202 2.5
1009 19651203 0.8
1010 19651203 3.2
1011 19651203 3.4
1012 19651204 2.5
1013 19651204 2.8
1014 19651204 1.0
1015 19651205 -1.4
1016 19651205 0.8
1017 19651205 0.6
1018 19651206 1.4
1019 19651206 1.6
1020 19651206 1.7
1021 19651207 1.8
1022 19651207 0.9
1023 19651207 -1.8
1024 19651208 0.2
1025 19651208 1.1
1026 19651208 1.4
1027 19651209 1.2
1028 19651209 2.1
1029 19651209 2.9
1030 19651210 5.2
1031 19651210 4.3
1032 19651210 3.5
1033 19651211 1.5
1034 19651211 0.7
1035 19651211 0.3
1036 19651212 -1.8
1037 19651212 -3.0
1038 19651212 -3.9
1039 19651213 -6.8
1040 19651213 -5.3
1041 19651213 -7.1
1042 19651214 -9.2
1043 19651214 -4.2
1044 19651214 0.0
1045 19651215 2.6
1046 19651215 -0.1
1047 19651215 -0.9
1048 19651216 -2.0
1049 19651216 -3.0
1050 19651216 -3.6
1051 19651217 -4.2
1052 19651217 -2.4
1053 19651217 -1.8
1054 19651218 0.5
1055 19651218 4.8
1056 19651218 4.8
1057 19651219 3.2
1058 19651219 3.2
1059 19651219 2.8
1060 19651220 2.6
1061 19651220 4.4
1062 19651220 1.9
1063 19651221 1.2
1064 19651221 1.8
1065 19651221 1.4
1066 19651222 -1.2
1067 19651222 0.4
1068 19651222 0.8
1069 19651223 0.8
1070 19651223 1.0
1071 19651223 1.0
1072 19651224 0.2
1073 19651224 0.6
1074 19651224 1.8
1075 19651225 1.6
1076 19651225 1.0
1077 19651225 2.1
1078 19651226 2.2
1079 19651226 1.9
1080 19651226 1.8
1081 19651227 1.3
1082 19651227 1.7
1083 19651227 0.6
1084 19651228 1.0
1085 19651228 1.5
1086 19651228 0.4
1087 19651229 -0.8
1088 19651229 0.5
1089 19651229 0.1
1090 19651230 0.0
1091 19651230 -0.3
1092 19651230 1.8
1093 19651231 2.6
1094 19651231 0.0
1095 19651231 -2.8
